((("cyberwarrior" .
   [0 0 1 0 0 0 0 0 0 0 0 0])
  ("githu" .
   [1 0 0 0 0])
  ("github_projects" .
   [0 0 0 1 1 1 0 0 0 0 0 0 0 0 0])
  ("such" .
   [1 0 0 0])
  ("files" .
   [1 0 0 0 0])
  ("text" .
   [1 0 0 0])
  ("plain" .
   [1 0 0 0 0])
  ("terminal" .
   [1 0 0 0 0 0 0 0])
  ("te" .
   [1 0])
  ("you" .
   [1 0 0])
  ("espeak" .
   [0 0 0 1 0 0])
  ("Es" .
   [1 0])
  ("default" .
   [0 0 0 0 0 1 0])
  ("uses" .
   [1 0 0 0])
  ("help" .
   [2 0 0 0])
  ("can" .
   [3 0 0])
  ("that" .
   [2 0 0 0])
  ("package" .
   [0 0 0 0 1 1 0])
  ("yet" .
   [1 0 0])
  ("would" .
   [1 0 0 0 0])
  ("Telega" .
   [0 0 0 1 0 0])
  ("sudo" .
   [1 0 0 0])
  ("distros" .
   [1 0 0 0 0 0 0])
  ("debian" .
   [1 0 0 0 0 0])
  ("You" .
   [1 0 0])
  ("lot" .
   [2 0 0])
  ("emacspeak" .
   [0 0 0 0 0 0 3 0 0])
  ("course" .
   [1 0 0 0 0 0])
  ("just" .
   [1 0 0 0])
  ("called" .
   [2 0 0 0 0 0])
  ("man" .
   [1 0 0])
  ("blind" .
   [2 0 0 1 1])
  ("developed" .
   [0 0 0 0 0 0 0 1 0])
  ("project" .
   [1 0 0 0 0 0 0])
  ("wonderful" .
   [1 0 0 0 0 0 0 0 0])
  ("there" .
   [1 0 0 0 0])
  ("new" .
   [1 0 0])
  ("your" .
   [1 0 0 0])
  ("on" .
   [1 0])
  ("work" .
   [1 0 0 0])
  ("does" .
   [1 0 0 0])
  ("telega" .
   [1 0 0 0 0 0])
  ("But" .
   [2 0 0])
  ("another" .
   [0 0 0 1 0 0 0])
  ("tty" .
   [2 0 0])
  ("emacs" .
   [3 0 0 0 0])
  ("use" .
   [2 0 0])
  ("also" .
   [2 0 0 0])
  ("Vagner" .
   [2 0 0 5 2 0])
  ("טוןםפ" .
   [1 0 0 0 0])
  ("שדגכע" .
   [1 0 0 0 0])
  ("lst" .
   [1 0 0])
  ("list-length" .
   [0 0 0 0 0 0 1 0 0 0 0])
  ("fact" .
   [1 0 0 0])
  ("repl" .
   [1 0 0 0])
  ("only" .
   [1 0 0 0])
  ("double-cons" .
   [0 0 0 0 0 0 0 1 0 0 0])
  ("expressions" .
   [1 0 0 0 0 0 0 0 0 0 0])
  ("list2" .
   [2 0 0 0 0])
  ("list1" .
   [2 0 0 0 0])
  ("oil" .
   [2 0 0])
  ("equal?" .
   [0 0 0 0 0 1])
  ("lists" .
   [1 0 0 0 0])
  ("in-stream" .
   [2 0 0 0 0 0 0 0 0])
  (":direction" .
   [1 0 0 0 0 0 0 0 0 0])
  ("my-temp-file" .
   [0 0 0 0 0 0 0 1 0 0 0 0])
  ("open" .
   [1 0 0 0])
  ("close" .
   [3 0 0 0 0])
  ("out-stream" .
   [2 0 0 0 0 0 0 0 0 0])
  ("abc" .
   [1 0 0])
  ("princ" .
   [2 0 0 0 0])
  ("prin1" .
   [1 0 0 0 0])
  ("make-hash-table" .
   [0 0 0 0 0 0 0 0 0 0 0 1 0 0 0])
  ("print" .
   [8 0 0 0 0])
  ("gronk" .
   [0 0 1 0 0])
  ("baz" .
   [2 0 0])
  ("ht1" .
   [3 0 5])
  ("Lisp" .
   [2 0 0 0])
  ("case" .
   [1 0 0 0])
  ("at" .
   [1 0])
  ("type" .
   [3 0 0 0])
  ("an" .
   [1 0])
  ("as" .
   [3 0])
  ("in" .
   [1 0])
  ("struct-1-position" .
   [0 0 0 0 0 0 0 0 0 0 0 1 0 0 0 0 0])
  ("table" .
   [1 0 0 0 0])
  ("object-" .
   [0 0 0 0 0 0 2])
  ("object-2" .
   [2 0 0 0 0 0 0 0])
  ("size" .
   [1 0 0 0])
  ("c" .
   [1])
  ("color" .
   [4 0 0 0 0])
  ("object-1" .
   [3 0 0 0 1 0 0 1])
  ("get" .
   [10 0 0])
  ("object" .
   [0 0 5 0 0 0])
  ("have" .
   [1 0 0 0])
  ("/home/vagner/Documents/Lisp_course/successful_lisp/succ_notes1.cl" .
   [0 0 0 0 0 0 0 0 0 0 0 0 0 0 0 0 0 0 0 0 0 0 0 0 0 0 0 0 0 0 0 0 0 0 0 0 0 0 0 0 0 0 0 0 0 0 0 0 0 0 0 0 0 0 0 0 0 0 0 0 0 0 0 0 1])
  ("/home/vagner/Documents/Lisp_course/successful_lisp/succ_notes1." .
   [0 0 0 0 0 0 0 0 0 0 0 0 0 0 0 0 0 0 0 0 0 0 0 0 0 0 0 0 0 0 0 0 0 0 0 0 0 0 0 0 0 0 0 0 0 0 0 0 0 0 0 0 0 0 0 0 0 0 0 0 0 0 1])
  ("replace-match" .
   [0 0 0 0 0 0 0 0 0 0 0 1 0])
  ("search-forward" .
   [0 0 0 0 0 0 0 0 0 0 0 1 0 0])
  ("point-min" .
   [0 0 0 0 0 0 1 0 0])
  ("point" .
   [0 0 0 1 0])
  ("goto-char" .
   [0 0 0 0 0 0 1 0 0])
  ("printc" .
   [3 0 0 0 0 0])
  ("Sum2Num" .
   [0 0 0 1 0 0 0])
  ("xterm" .
   [0 0 0 0 1])
  ("*root-map*" .
   [0 0 0 0 1 0 0 0 0 0])
  (":center" .
   [1 0 0 0 0 0 0])
  ("more" .
   [1 0 0 0])
  ("main" .
   [1 0 0 2])
  ("io" .
   [3 0])
  ("--------------------------" .
   [0 0 0 0 0 0 0 0 0 0 0 0 0 0 0 1 0 0 0 0 0 0 0 0 0 0])
  ("Rener" .
   [1 0 0 0 0])
  ("Senhor" .
   [1 0 0 0 0 0])
  ("Que" .
   [1 0 0])
  ("que" .
   [1 0 0])
  ("Léa" .
   [2 0 0])
  ("vez" .
   [1 0 0])
  ("Vim" .
   [1 0 0])
  ("Pablo" .
   [0 0 0 0 1])
  ("StrongsHebrew" .
   [0 0 0 0 0 0 0 1 0 0 0 0 0])
  ("calendar" .
   [0 0 0 0 0 1 0 0])
  ("Mariana" .
   [0 0 0 0 3 0 0])
  ("comeu" .
   [4 0 0 0 1])
  ("Apocalypse" .
   [0 0 0 0 0 1 0 0 0 0])
  ("George" .
   [1 0 0 0 0 0])
  ("people" .
   [1 0 0 3 2 0])
  ("of" .
   [2 0])
  ("are" .
   [3 0 0])
  ("a" .
   [2])
  ("Government" .
   [0 0 1 0 0 0 0 0 0 1])
  ("fear" .
   [1 0 0 0])
  ("general" .
   [1 0 0 0 0 0 0])
  ("and" .
   [7 0 0])
  ("Nothing" .
   [2 0 0 0 0 0 0])
  ("other" .
   [2 0 0 0 0])
  ("its" .
   [1 0 0])
  ("with" .
   [4 0 0 0])
  ("is" .
   [2 0])
  ("The" .
   [2 0 0])
  ("the" .
   [14 0 0])
  ("from" .
   [4 0 0 0])
  ("control" .
   [1 0 0 0 0 0 0])
  ("but" .
   [1 0 0])
  ("com" .
   [1 0 0])
  ("to" .
   [12 0])
  ("yes" .
   [1 0 0])
  ("tangle" .
   [1 0 0 0 0 0])
  ("red" .
   [1 0 0])
  ("line" .
   [1 0 0 0])
  ("Beacon" .
   [0 0 0 0 1 0])
  ("this" .
   [3 0 0 0])
  ("org" .
   [1 0 0])
  ("not" .
   [4 0 0])
  ("or" .
   [1 0])
  ("his" .
   [1 0 0])
  ("for" .
   [6 0 0])
  ("age" .
   [1 0 0])
  ("chegar" .
   [1 0 0 0 0 0])
  ("while" .
   [0 0 0 1 1])
  ("using" .
   [0 0 0 0 1])
  ("std" .
   [1 0 4])
  ("cout" .
   [1 0 0 0])
  ("endl" .
   [0 0 0 1])
  ("enum" .
   [0 0 0 1])
  ("static" .
   [0 0 0 1 0 0])
  ("char" .
   [0 0 0 1])
  ("max_string" .
   [0 0 0 1 0 0 0 0 0 0])
  ("cmatrix" .
   [0 0 0 0 0 0 1])
  ("weather" .
   [1 0 0 0 0 0 0])
  ("search" .
   [0 0 0 0 2 0])
  ("update" .
   [0 0 1 0 0 0])
  ("install" .
   [4 0 0 0 0 0 0])
  ("add" .
   [2 0 0])
  ("pacsinsyst" .
   [0 0 0 0 1 0 0 0 0 0])
  ("rofi" .
   [1 0 0 0])
  ("load" .
   [2 0 1 0])
  ("Load-module" .
   [0 0 0 0 0 0 0 1 0 0 0])
  ("initial-element" .
   [0 0 0 0 1 0 0 0 0 0 0 0 0 0 0])
  ("ADD" .
   [1 0 0])
  ("defun" .
   [12 0 0 0 0])
  ("pluss" .
   [1 0 0 0 0])
  ("sets" .
   [0 0 0 1])
  ("my-name" .
   [2 0 0 0 0 0 0])
  ("values" .
   [2 0 0 0 0 0])
  ("a-variable" .
   [0 0 0 0 3 0 0 0 0 0])
  ("a-v" .
   [1 0 0])
  ("setq" .
   [5 0 0 0])
  ("it" .
   [4 0])
  ("var-1" .
   [1 0 0 0 0])
  ("set" .
   [12 0 0])
  ("let" .
   [3 0 0])
  ("eql" .
   [3 0 0])
  ("cons" .
   [14 0 0 0])
  ("nil" .
   [12 0 0])
  ("vagner" .
   [4 0 0 0 0 0])
  ("lea" .
   [1 0 0])
  ("list" .
   [40 0 0 0])
  ("listp" .
   [2 0 0 0 0])
  ("type-of" .
   [3 0 1 0 0 0 2])
  ("my-list" .
   [1 0 5 2 0 0 0])
  ("rest" .
   [11 0 0 0])
  ("first" .
   [1 0 0 0 0])
  ("write" .
   [2 0 1 1 0])
  ("element" .
   [0 0 0 1 0 0 0])
  ("aref" .
   [3 0 1 0])
  ("a1" .
   [5 0])
  ("setf" .
   [9 0 0 0])
  ("A1" .
   [1 0])
  ("code" .
   [1 0 0 0])
  ("car" .
   [17 0 0])
  ("cdr" .
   [12 0 0])
  ("cond" .
   [6 0 0 0])
  ("null" .
   [6 0 0 0])
  ("obj" .
   [4 0 0])
  ("Common" .
   [1 0 0 0 0 0])
  ("lisp" .
   [1 0 0 0])
  ("rest-max" .
   [0 0 0 0 0 0 0 1])
  ("atom" .
   [2 0 0 0])
  (":foo" .
   [2 0 0 0])
  ("foo" .
   [7 0 0])
  ("second" .
   [1 0 0 0 0 0])
  ("test-2" .
   [2 0 0 0 0 0])
  ("sum-num" .
   [1 0 0 0 0 0 0])
  ("hello" .
   [1 0 0 0 0])
  ("times-num" .
   [2 0 0 0 0 0 0 0 0])
  ("if" .
   [1 0])
  ("ילדים" .
   [1 0 0 0 0])
  ("חִירִי" .
   [0 0 1 0 0 0])
  ("מָלֵא" .
   [2 0 0 0 0])
  ("שְוָוא" .
   [1 0 0 0 0 0])
  ("symbolp" .
   [2 0 0 0 0 0 0])
  ("apt" .
   [2 0 0])
  ("Lifelines" .
   [0 0 0 0 1 0 0 0 0])
  ("lifelines" .
   [0 0 0 0 0 0 0 0 2])
  ("el" .
   [1 0])
  ("See" .
   [1 0 0])
  ("well" .
   [1 0 0 0])
  ("Apocalipse" .
   [0 0 1 0 0 0 0 0 0 0])
  ("de" .
   [1 0])
  ("São" .
   [1 0 0])
  ("João" .
   [1 0 0 0])
  ("doom-themes" .
   [0 0 0 1 0 0 0 0 0 0 0])
  ("theme-looper" .
   [0 0 0 0 0 0 0 1 0 0 0 0])
  ("base16-theme" .
   [0 0 0 0 1 0 0 0 0 0 0 0])
  ("moe-theme" .
   [0 0 0 1 0 0 0 0 0])
  ("alect-themes" .
   [0 0 0 0 1 0 0 0 0 0 0 0])
  ("smartparens" .
   [0 0 0 0 0 0 0 0 0 0 1])
  ("ensure" .
   [0 0 0 0 0 1])
  (":ensure" .
   [1 0 0 0 0 0 0])
  (":config" .
   [1 0 0 0 0 0 0])
  ("evilnc-default-hotkeys" .
   [0 0 0 0 0 0 0 0 0 1 0 0 0 0 0 0 0 0 0 0 0 0])))
